# File: data/simulation/atmprof_ecmwf_south_winter_fixed.dat
# Provinance: CTAO prod-5 simulations model (retrieved 2025-12-25)
# - GIT: gitlab.cta-observatory.org:cta-science/simulations/simulation-model/simulation-models
#   -> simulation-models/model_parameters/Files/atmprof_ecmwf_south_winter_fixed.dat
# Copyright notice: Copyright (c) 2025, CTAO & simtools developers
# License: BSD 3-Clause License (simulation-models/LICENSE)
# Comment: default atmospheric density profile for CTAO-South
#
# ----------------------------------------------------------------------------------------
#
# New profile generated with the following command:
#    ./check_atmprof cfg/CTA/atmprof_ecmwf_south_winter_nexp.dat = 2.150 -24.683429 51 atmprof_ecmwf_south_winter_fixed.dat
#
# Primary profile: cfg/CTA/atmprof_ecmwf_south_winter_nexp.dat
# Secondary profile: cfg/CTA/atmprof_ecmwf_south_winter_nexp.dat
# Observation level (not part of profile): 2.150 km a.s.l.
# Geographic latitude: -24.683429 deg (for gravity).
# Switch-over from primary to secondary above 51.000 km a.s.l.
#
# ----------------------------------------------------------------------------------------
#
#Col. #1          #2           #3            #4        [ #5 ]     [ #6 ]       [ # 7 ]
# Alt [km]    rho [g/cm^3] thick [g/cm^2]    n-1        T [K]    p [mbar]      pw / p
    0.000     1.18699e-03  1.03754e+03   2.74714e-04   296.41   1.01468e+03  1.34098e-02
    1.000     1.07756e-03  9.24333e+02   2.49149e-04   290.85   9.02398e+02  9.10193e-03
    2.000     9.70186e-04  8.22018e+02   2.24083e-04   287.70   8.02240e+02  4.35559e-03
    3.000     8.77072e-04  7.29769e+02   2.02469e-04   282.71   7.12068e+02  2.04701e-03
    4.000     7.93791e-04  6.46292e+02   1.83215e-04   276.65   6.30472e+02  1.38432e-03
    5.000     7.18080e-04  5.70757e+02   1.65729e-04   270.05   5.56659e+02  1.09667e-03
    6.000     6.48844e-04  5.02461e+02   1.49739e-04   263.08   4.89948e+02  8.18181e-04
    7.000     5.85278e-04  4.40799e+02   1.35062e-04   255.83   4.29732e+02  5.99704e-04
    8.000     5.26715e-04  3.85239e+02   1.21542e-04   248.41   3.75497e+02  4.42774e-04
    9.000     4.72504e-04  3.35311e+02   1.09030e-04   240.99   3.26770e+02  3.24210e-04
   10.000     4.22121e-04  2.90611e+02   9.74023e-05   233.76   2.83167e+02  2.30824e-04
   11.000     3.75369e-04  2.50766e+02   8.66137e-05   226.81   2.44306e+02  1.50212e-04
   12.000     3.31981e-04  2.15425e+02   7.66020e-05   220.28   2.09851e+02  8.50110e-05
   13.000     2.91583e-04  1.84269e+02   6.72812e-05   214.52   1.79492e+02  4.33482e-05
   14.000     2.53862e-04  1.57021e+02   5.85785e-05   209.92   1.52925e+02  2.24241e-05
   15.000     2.19443e-04  1.33387e+02   5.06375e-05   206.25   1.29883e+02  1.31594e-05
   16.000     1.88802e-04  1.13003e+02   4.35681e-05   203.08   1.10031e+02  1.01182e-05
   17.000     1.60996e-04  9.55337e+01   3.71527e-05   201.36   9.30356e+01  9.28429e-06
   18.000     1.35710e-04  8.07217e+01   3.13184e-05   201.82   7.86058e+01  9.17881e-06
   19.000     1.13534e-04  6.82873e+01   2.62017e-05   204.06   6.64930e+01  9.54562e-06
   20.000     9.47734e-05  5.79008e+01   2.18726e-05   207.35   5.64028e+01  9.61523e-06
   21.000     7.93632e-05  4.92203e+01   1.83165e-05   210.56   4.79618e+01  7.79513e-06
   22.000     6.68271e-05  4.19320e+01   1.54235e-05   212.97   4.08500e+01  5.45194e-06
   23.000     5.65359e-05  3.57802e+01   1.30485e-05   214.85   3.48636e+01  5.33519e-06
   24.000     4.79687e-05  3.05675e+01   1.10713e-05   216.52   2.98117e+01  7.79264e-06
   25.000     4.07332e-05  2.61425e+01   9.40138e-06   218.27   2.55196e+01  9.56035e-06
   26.000     3.46217e-05  2.23833e+01   7.99087e-06   220.07   2.18698e+01  9.03684e-06
   27.000     2.94582e-05  1.91865e+01   6.79914e-06   221.85   1.87583e+01  6.82743e-06
   28.000     2.50907e-05  1.64652e+01   5.79113e-06   223.58   1.61018e+01  4.79518e-06
   29.000     2.14037e-05  1.41457e+01   4.94015e-06   225.32   1.38426e+01  3.90104e-06
   30.000     1.82914e-05  1.21653e+01   4.22183e-06   227.12   1.19248e+01  4.84099e-06
   32.000     1.34008e-05  9.02211e+00   3.09304e-06   231.18   8.89245e+00  9.50161e-06
   34.000     9.84255e-06  6.71687e+00   2.27177e-06   235.67   6.65814e+00  7.79445e-06
   36.000     7.27288e-06  5.01908e+00   1.67867e-06   240.15   5.01345e+00  8.25898e-06
   38.000     5.40049e-06  3.76159e+00   1.24650e-06   244.84   3.79541e+00  9.73854e-06
   40.000     4.03328e-06  2.82520e+00   9.30931e-07   249.72   2.89100e+00  8.22158e-06
   42.000     3.02738e-06  2.12448e+00   6.98757e-07   254.57   2.21221e+00  7.23549e-06
   44.000     2.29511e-06  1.59575e+00   5.29740e-07   258.94   1.70588e+00  1.28183e-05
   46.000     1.75935e-06  1.19405e+00   4.06083e-07   262.29   1.32461e+00  2.44826e-05
   48.000     1.34678e-06  8.81689e-01   3.10853e-07   264.11   1.02101e+00  1.14719e-05
   50.000     8.51962e-07  6.64492e-01   1.96643e-07   266.34   6.51331e-01  0.00000e+00
   55.000     4.66369e-07  3.60590e-01   1.07644e-07   257.19   3.44293e-01  0.00000e+00
   60.000     2.52771e-07  1.83457e-01   5.83428e-08   242.81   1.76173e-01  0.00000e+00
   65.000     1.32269e-07  9.04211e-02   3.05295e-08   227.93   8.65379e-02  0.00000e+00
   70.000     6.57119e-08  4.25828e-02   1.51671e-08   215.90   4.07232e-02  0.00000e+00
   75.000     3.09563e-08  1.94123e-02   7.14511e-09   208.66   1.85410e-02  0.00000e+00
   80.000     1.40756e-08  8.68112e-03   3.24882e-09   205.11   8.28701e-03  0.00000e+00
   85.000     6.31771e-09  3.83736e-03   1.45821e-09   202.12   3.66534e-03  0.00000e+00
   90.000     2.83254e-09  1.66475e-03   6.53786e-10   196.26   1.59571e-03  0.00000e+00
   95.000     1.24950e-09  6.94448e-04   2.88402e-10   187.55   6.72667e-04  0.00000e+00
  100.000     5.18266e-10  2.76618e-04   1.19622e-10   185.38   2.75779e-04  0.00000e+00
  105.000     2.04233e-10  1.07666e-04   4.71396e-11   197.19   1.15600e-04  0.00000e+00
  110.000     8.16552e-11  4.10884e-05   1.88470e-11   224.14   5.25349e-05  0.00000e+00
  115.000     3.47007e-11  1.36535e-05   8.00936e-12   268.51   2.67451e-05  0.00000e+00
  120.000     2.10471e-11  0.00000e+00   4.85794e-12   333.43   0.00000e+00  0.00000e+00
