# File: data/simulation/Pulse_template_nectarCam_17042020-noshift.dat
# Provinance: CTAO prod-5 simulations model (retrieved 2025-12-25)
# - GIT: gitlab.cta-observatory.org:cta-science/simulations/simulation-model/simulation-models
#   -> simulation-models/model_parameters/Files/Pulse_template_nectarCam_17042020-noshift.dat
# Copyright notice: Copyright (c) 2025, CTAO & simtools developers
# License: BSD 3-Clause License (simulation-models/LICENSE)
# Comment: Nectarcam impulse response in units of ADC counts in the HG or LG channels
#
# NectarCam single-p.e. pulse shape (HG and LG).
# Table provided by Thomas Armstrong 2020-04-17.
# Peak position is about 25 ns earlier than in previous pulse shapes.
#
# T     HG      LG
#[ns]   [adc.]  [adc.]
#
0.00 0.000000 0.000000
0.12 0.000000 0.000000
0.25 0.000000 0.000000
0.38 0.000000 0.000000
0.50 0.000000 0.000000
0.62 0.000000 0.000000
0.75 0.000000 0.000000
0.88 0.000000 0.000000
1.00 0.013230 0.000945
1.12 0.016520 0.001180
1.25 0.020660 0.001476
1.38 0.025830 0.001845
1.50 0.032290 0.002306
1.62 0.040350 0.002882
1.75 0.050440 0.003603
1.88 0.063050 0.004504
2.00 0.078810 0.005630
2.12 0.098520 0.007037
2.25 0.123150 0.008797
2.38 0.153940 0.010996
2.50 0.192430 0.013745
2.62 0.240530 0.017181
2.75 0.300670 0.021476
2.88 0.375830 0.026845
3.00 0.469790 0.033557
3.12 0.587240 0.041945
3.25 0.734050 0.052432
3.38 0.917560 0.065540
3.50 1.146960 0.081925
3.62 1.562460 0.111604
3.75 2.061740 0.147267
3.88 2.645900 0.188993
4.00 3.322300 0.237307
4.12 4.103120 0.293080
4.25 4.994780 0.356770
4.38 5.979200 0.427085
4.50 7.061800 0.504415
4.62 8.235720 0.588266
4.75 9.480510 0.677179
4.88 10.785610 0.770401
5.00 12.119380 0.865670
5.12 13.450570 0.960755
5.25 14.745530 1.053252
5.38 15.964430 1.140316
5.50 17.066120 1.219009
5.62 18.010850 1.286489
5.75 18.763150 1.340225
5.88 19.282280 1.377306
6.00 19.556730 1.396909
6.12 19.551740 1.396553
6.25 19.250850 1.375061
6.38 18.695810 1.335415
6.50 17.881680 1.277263
6.62 16.825150 1.201797
6.75 15.569370 1.112098
6.88 14.147720 1.010552
7.00 12.606180 0.900441
7.12 10.994830 0.785345
7.25 9.368710 0.669194
7.38 7.789400 0.556386
7.50 6.307340 0.450524
7.62 4.963130 0.354510
7.75 3.790540 0.270753
7.88 2.819000 0.201357
8.00 2.065470 0.147534
8.12 1.552980 0.110927
8.25 1.283870 0.091705
8.38 1.202130 0.085866
8.50 1.297570 0.092684
8.62 1.551080 0.110791
8.75 1.910180 0.136441
8.88 2.345240 0.167517
9.00 2.808980 0.200642
9.12 3.261910 0.232993
9.25 3.672100 0.262293
9.38 4.016800 0.286914
9.50 4.267950 0.304853
9.62 4.403300 0.314522
9.75 4.426750 0.316196
9.88 4.337940 0.309853
10.00 4.147380 0.296242
10.12 3.851110 0.275079
10.25 3.457090 0.246935
10.38 3.010830 0.215059
10.50 2.531290 0.180806
10.62 2.039170 0.145655
10.75 1.561660 0.111547
10.88 1.111810 0.079415
11.00 0.706950 0.050497
11.12 0.372500 0.026607
11.25 0.123350 0.008811
11.38 -0.056050 -0.004003
11.50 -0.157460 -0.011247
11.62 -0.180920 -0.012923
11.75 -0.146610 -0.010472
11.88 -0.062380 -0.004456
12.00 0.059640 0.004260
12.12 0.208070 0.014862
12.25 0.365870 0.026133
12.38 0.515080 0.036792
12.50 0.645580 0.046113
12.62 0.749680 0.053549
12.75 0.822050 0.058718
12.88 0.855610 0.061115
13.00 0.844520 0.060323
13.12 0.787290 0.056235
13.25 0.687410 0.049101
13.38 0.561360 0.040097
13.50 0.406030 0.029002
13.62 0.223010 0.015929
13.75 0.035080 0.002506
13.88 -0.142810 -0.010201
14.00 -0.299910 -0.021422
14.12 -0.429860 -0.030704
14.25 -0.532210 -0.038015
14.38 -0.606670 -0.043333
14.50 -0.647260 -0.046233
14.62 -0.650420 -0.046459
14.75 -0.622460 -0.044461
14.88 -0.573350 -0.040953
15.00 -0.508040 -0.036289
15.12 -0.429580 -0.030684
15.25 -0.335050 -0.023932
15.38 -0.232750 -0.016625
15.50 -0.126760 -0.009054
15.62 -0.021700 -0.001550
15.75 0.066480 0.004749
15.88 0.140310 0.010022
16.00 0.190790 0.013628
16.12 0.213560 0.015254
16.25 0.209740 0.014981
16.38 0.176940 0.012638
16.50 0.119960 0.008568
16.62 0.044820 0.003202
16.75 -0.038650 -0.002761
16.88 -0.130210 -0.009300
17.00 -0.212460 -0.015175
17.12 -0.279160 -0.019940
17.25 -0.338370 -0.024169
17.38 -0.383390 -0.027385
17.50 -0.413480 -0.029535
17.62 -0.430090 -0.030721
17.75 -0.433400 -0.030957
17.88 -0.424490 -0.030321
18.00 -0.408780 -0.029199
18.12 -0.390610 -0.027900
18.25 -0.363690 -0.025978
18.38 -0.326930 -0.023352
18.50 -0.291950 -0.020854
18.62 -0.263000 -0.018786
18.75 -0.242410 -0.017315
18.88 -0.227300 -0.016236
19.00 -0.219870 -0.015705
19.12 -0.221910 -0.015851
19.25 -0.230740 -0.016482
19.38 -0.248070 -0.017719
19.50 -0.266620 -0.019045
19.62 -0.286720 -0.020480
19.75 -0.305310 -0.021808
19.88 -0.323650 -0.023118
20.00 -0.340590 -0.024328
20.12 -0.350580 -0.025041
20.25 -0.360290 -0.025735
20.38 -0.370120 -0.026437
20.50 -0.377480 -0.026963
20.62 -0.376730 -0.026909
20.75 -0.367090 -0.026221
20.88 -0.347250 -0.024804
21.00 -0.321180 -0.022942
21.12 -0.292530 -0.020895
21.25 -0.260930 -0.018638
21.38 -0.231070 -0.016505
21.50 -0.201250 -0.014375
21.62 -0.171680 -0.012263
21.75 -0.152340 -0.010881
21.88 -0.147970 -0.010569
22.00 -0.152990 -0.010928
22.12 -0.162710 -0.011622
22.25 -0.173390 -0.012385
22.38 -0.183680 -0.013120
22.50 -0.200650 -0.014332
22.62 -0.227990 -0.016285
22.75 -0.251890 -0.017992
22.88 -0.270270 -0.019305
23.00 -0.288560 -0.020611
23.12 -0.307940 -0.021996
23.25 -0.330100 -0.023578
23.38 -0.346930 -0.024781
23.50 -0.356240 -0.025446
23.62 -0.360940 -0.025781
23.75 -0.364090 -0.026006
23.88 -0.362540 -0.025896
24.00 -0.354110 -0.025294
24.12 -0.344190 -0.024585
24.25 -0.333160 -0.023797
24.38 -0.325550 -0.023254
24.50 -0.316170 -0.022584
24.62 -0.297490 -0.021250
24.75 -0.275640 -0.019689
24.88 -0.255680 -0.018263
25.00 -0.237210 -0.016943
25.12 -0.219890 -0.015706
25.25 -0.205230 -0.014659
25.38 -0.193620 -0.013830
25.50 -0.189210 -0.013515
25.62 -0.196800 -0.014057
25.75 -0.213510 -0.015251
25.88 -0.235460 -0.016818
26.00 -0.262900 -0.018778
26.12 -0.291620 -0.020830
26.25 -0.317220 -0.022659
26.38 -0.341350 -0.024382
26.50 -0.363830 -0.025988
26.62 -0.381970 -0.027284
26.75 -0.395340 -0.028238
26.88 -0.403400 -0.028815
27.00 -0.410200 -0.029300
27.12 -0.411940 -0.029424
27.25 -0.407620 -0.029115
27.38 -0.394840 -0.028203
27.50 -0.372900 -0.026636
27.62 -0.347210 -0.024801
27.75 -0.319500 -0.022822
27.88 -0.291790 -0.020842
28.00 -0.258850 -0.018489
28.12 -0.229780 -0.016413
28.25 -0.211310 -0.015094
28.38 -0.202670 -0.014476
28.50 -0.207400 -0.014814
28.62 -0.217810 -0.015558
28.75 -0.232130 -0.016581
28.88 -0.252730 -0.018052
29.00 -0.276700 -0.019764
29.12 -0.302030 -0.021574
29.25 -0.324350 -0.023168
29.38 -0.345480 -0.024677
29.50 -0.362140 -0.025867
29.62 -0.378560 -0.027040
29.75 -0.390900 -0.027922
29.88 -0.397800 -0.028414
30.00 -0.406510 -0.029036
30.12 -0.410500 -0.029322
30.25 -0.409700 -0.029264
30.38 -0.406500 -0.029036
30.50 -0.400210 -0.028586
30.62 -0.390950 -0.027925
30.75 -0.383030 -0.027359
30.88 -0.373480 -0.026677
31.00 -0.359780 -0.025699
31.12 -0.347570 -0.024826
31.25 -0.338780 -0.024198
31.38 -0.330930 -0.023638
31.50 -0.325310 -0.023236
31.62 -0.318120 -0.022723
31.75 -0.310020 -0.022144
31.88 -0.305360 -0.021812
32.00 -0.304410 -0.021744
32.12 -0.306580 -0.021899
32.25 -0.310460 -0.022176
32.38 -0.316140 -0.022582
32.50 -0.324210 -0.023158
32.62 -0.336330 -0.024023
32.75 -0.349850 -0.024989
32.88 -0.362090 -0.025864
33.00 -0.372240 -0.026588
33.12 -0.379930 -0.027138
33.25 -0.385690 -0.027549
33.38 -0.389360 -0.027811
33.50 -0.390220 -0.027873
33.62 -0.389670 -0.027834
33.75 -0.389120 -0.027794
33.88 -0.388500 -0.027750
34.00 -0.388070 -0.027719
34.12 -0.387740 -0.027695
34.25 -0.387380 -0.027670
34.38 -0.387030 -0.027645
34.50 -0.386670 -0.027620
34.62 -0.386330 -0.027595
34.75 -0.386040 -0.027574
34.88 -0.385870 -0.027562
35.00 -0.385700 -0.027550
35.12 -0.385520 -0.027537
35.25 -0.385350 -0.027525
35.38 -0.385180 -0.027513
35.50 -0.385000 -0.027500
35.62 -0.384820 -0.027487
35.75 -0.384790 -0.027485
35.88 -0.384980 -0.027499
